-2.288587110807203 
-399.68857998820687 
-797.3164124418876 
-1193.4905769122415 
-1586.5278566799827 
-1974.7507519201613 
-2356.49342662074 
-2730.109840617875 
-3093.9809315300035 
-3446.520613936586 
-3786.183792024203 
-4111.472337891533 
-4420.941999228648 
-4713.210319972921 
-4986.959235321669 
-5240.946665425468 
-5474.007356778276 
-5685.061203337819 
-5873.118172172186 
-6037.282494943284 
-6176.757513917785 
-6290.84927921973 
-6378.970355490866 
-6440.643858579399 
-6475.505450140736 
-6483.3038789549655 
-6463.905728841306 
-6417.292362886703 
-6343.565191187969 
-6242.941333090711 
-6115.756327263518 
-5962.459078270855 
-5783.613274577929 
-5579.895704533502 
-5352.090400039522 
-5101.088539424917 
-4827.880937096398 
-4533.558393869315 
-4219.3033709695 
-3886.388388661424 
-3536.1669087383434 
-3170.070672413943 
-2789.602773630335 
-2396.330649673582 
-1991.8800257778828 
-1577.9289261413392 
-1156.199071606792 
-728.4505528233237 
-296.47272493606175 
137.92205527466672 
572.9064944824775 
1006.6458312158065 
1437.3056674190689 
1863.0599612362078 
2282.097952732813 
2692.633032780933 
3092.9093773230393 
3481.2101287297323 
3855.864638418188 
4215.256501495492 
4557.829459017675 
4882.095182709138 
5186.6400068568555 
5470.131093449111 
5731.323340974282 
5969.062167594136 
6182.293447385099 
6370.065483996172 
6531.533645231115 
6665.9652590717915 
6772.742071227698 
6851.365352050763 
6901.455075242172 
6922.754827628797 
6915.130462432284 
6878.573982685906 
6813.199275093402 
6719.246440884918 
6597.075876472536 
6447.172127329435 
6270.135414051553 
6066.685107768563 
5837.651213701213 
5583.974773488722 
5306.700257721245 
5006.973141325886 
4686.034858330966 
4345.215534661763 
3985.929599674695 
3609.670168134245 
3218.0019377583085 
2812.553025145742 
2395.0115018335196 
1967.1157552536856 
1530.647741871894 
1087.4263469329744 
639.2992047652835 
188.13532551780887 
-264.18251778617633 
-715.7653915385002 
-1164.726123530963 
-1609.1868858476946 
-2047.2868217899272 
-2477.1903646376927 
-2897.093589838493 
-3305.232408328793 
-3699.890895343142 
-4079.4064381503895 
-4442.178513754088 
-4786.674930277964 
-5111.438864513137 
-5415.094026204621 
-5696.351891102822 
-5954.0177108942235 
-6186.993759851824 
-6394.28789929976 
-6575.014496093377 
-6728.400698994742 
-6853.788973233431 
-6950.64079091187 
-7018.539211691397 
-7057.191589525801 
-7066.428180332052 
-7046.206467832751 
-6996.610607432336 
-6917.847952288078 
-6810.253729873453 
-6674.285103077295 
-6510.5211225754065 
-6319.65848253275 
-6102.509964637144 
-5860.001211618655 
-5593.164938350357 
-5303.13622341446 
-4991.149507348575 
-4658.530325299522 
-4306.692054745808 
-3937.127507643176 
-3551.403793001061 
-3151.1544723035418 
-2738.073914668328 
-2313.907899664127 
-1880.4483206510824 
-1439.5243746909084 
-992.9945624760136 
-542.7394756297958 
-90.65396215679336 
361.36141540080257 
811.4078136984826 
1257.596384510914 
1698.0560627934412 
2130.9415510814338 
2554.440481077163 
2966.781710259194 
3366.2428184734263 
3751.156949424628 
4119.919661334227 
4470.99700889102 
4802.930926045257 
5114.345617625605 
5403.954743423945 
5670.56516278515 
5913.084047070433 
6130.520506574209 
6321.995714351118 
6486.740444211929 
6624.101029006773 
6733.544182593595 
6814.655346435675 
6867.143351910677 
6890.84069793441 
6885.703438963485 
6851.812129777777 
6789.370428794151 
6698.704596900216 
6580.260500696138 
6434.6027179817775 
6262.410629690897 
6064.475790948433 
5841.697106114078 
5595.077040308688 
5325.716487950176 
5034.810839210992 
4723.640734905383 
4393.571468920978 
4046.042029736864 
3682.5618741998 
3304.7019291714096 
2914.0889154030087 
2512.397115568369 
2101.342776568112 
1682.6759714600155 
1258.1721123274256 
829.6264000314169 
398.844939540883 
-32.36221975831378 
-462.1885521357822 
-888.8385653530571 
-1310.5349451669654 
-1725.5263031652505 
-2132.0935711968245 
-2528.557631792036 
-2913.285900532297 
-3284.6990339030463 
-3641.276939924612 
-3981.5663650418287 
-4304.185206249789 
-4607.829190443788 
-4891.277314737098 
-5153.396288799568 
-5393.146951631217 
-5609.586031654638 
-5801.871643014792 
-5969.268143343246 
-6111.146486787777 
-6226.988148010588 
-6316.388898550155 
-6379.058057510871 
-6414.819236328088 
-6423.6135511268585 
-6405.498210170817 
-6360.6450270448195 
-6289.3418660066645 
-6191.989149008684 
-6069.097329006435 
-5921.28607730789 
-5749.280688241154 
-5553.906571835558 
-5336.088102869999 
-5096.8425541308 
-4837.273710886877 
-4558.5702197737955 
-4261.996822619578 
-3948.8905360355225 
-3620.6520462871363 
-3278.7413745119698 
-2924.6705784739484 
-2559.996819904217 
-2186.315714996357 
-1805.2531493811753 
-1418.4599940707828 
-1027.6033199707967 
-634.3596040021717 
-240.4081391833828 
152.57670303300995 
542.9326079363688 
929.0159667414231 
1309.208940123331 
1681.926324229833 
2045.622027994304 
2398.795520467426 
2739.998201846151 
3067.838738910757 
3380.9904634458776 
3678.194225550941 
3958.2666771404342 
4220.102670275097 
4462.680759954698 
4685.067843031824 
4886.422370089764 
5065.997018276658 
5223.144151566992 
5357.315645495103 
5468.065823126563 
5555.054478473665 
5618.045231293159 
5656.908582257197 
5671.621372184603 
5662.265504007395 
5629.028564695601 
5572.200701504643 
5492.173578333094 
5389.439023928559 
5264.58380965239 
5118.288769942259 
4951.323529519524 
4764.543620027525 
4558.884539656442 
4335.357989250608 
4095.046452597441 
3839.0983194465766 
3568.7208406328546 
3285.176155972841 
2989.773624601637 
2683.864742408607 
2368.836315823078 
2046.1043501773142 
1717.1075355570479 
1383.3010068662559 
1046.1495883143898 
707.1218230448067 
367.6834054320139 
29.291197541342914 
-306.61343084915114 
-638.6098754805575 
-965.3047976755719 
-1285.3374739434332 
-1597.3853269446813 
-1900.1698520055672 
-2192.4610691929356 
-2473.082302846257 
-2740.916002926453 
-2994.9073414291242 
-3234.067815958639 
-3457.4809901724575 
-3664.3040090017857 
-3853.7721294650228 
-4025.2019756381524 
-4177.992193464038 
-4311.6287574456155 
-4425.683544867332 
-4519.81841784495 
-4593.785155888774 
-4647.426287490396 
-4680.674559024427 
-4693.555107075864 
-4686.1814724735 
-4658.757662987858 
-4611.576000100784 
-4545.012915521837 
-4459.529958145597 
-4355.669514716545 
-4234.051672010169 
-4095.371039748813 
-3940.3929811215125 
-3769.9500872926124 
-3584.9369749958378 
-3386.306128367106 
-3175.0626386986983 
-2952.259818715121 
-2718.9931155289596 
-2476.3950033747674 
-2225.6296897209554 
-1967.8875722256005 
-1704.3784661659797 
-1436.3277594181875 
-1164.9686075148406 
-891.5379663016167 
-617.2700573316707 
-343.39098001314176 
-71.11320829227175 
198.36949885277892 
463.88765997672004 
724.3008076526318 
978.5026220088245 
1225.425515165032 
1464.0447623844104 
1693.383656417159 
1912.5162931391164 
2120.572419201948 
2316.740339308551 
2500.2704608594086 
2670.477604783221 
2826.744557934646 
2968.5237908800596 
3095.339845513734 
3206.789685095966 
3302.546713037821 
3382.3585464299467 
3446.050118146544 
3493.5227238275825 
3524.7539386155236 
3539.797305042828 
3538.781615787546 
3521.909231196563 
3489.4551794439153 
3441.7639629462237 
3379.249515175494 
3302.3890302415343 
3211.7239736966026 
3107.8539171370744 
2991.434266872458 
2863.172780727288 
2723.8240286941364 
2574.187224653269 
2415.100141942768 
2247.4355223934363 
2072.0963202067933 
1890.0105789707984 
1702.1268437403928 
1509.4093381132764 
1312.833177075853 
1113.3793208659051 
912.0296190136 
709.7626697371102 
507.54862462347563 
306.3448217209418 
107.09139734697096 
-89.29309620216134 
-281.91565424749734 
-469.91288930738125 
-652.4546998201744 
-828.7480874798837 
-998.039967247202 
-1159.6208688792976 
-1312.827648611172 
-1457.0458545510912 
-1591.7128829596468 
-1716.318864129528 
-1830.410049202543 
-1933.5896951399243 
-2025.5193808631427 
-2105.9204254354063 
-2174.5739492030616 
-2231.3231298954806 
-2276.071429773792 
-2308.78361636579 
-2329.4856217452952 
-2338.262846393832 
-2335.260615676717 
-2320.6820403391985 
-2294.7867558588073 
-2257.8887431026924 
-2210.3554012570594 
-2152.604259859617 
-2085.0997544733627 
-2008.3525918857538 
-1922.9145732392933 
-1829.3762797564525 
-1728.3634679236914 
-1620.5335379500295 
-1506.571788759577 
-1387.1875629732685 
-1263.109758642314 
-1135.0831124790689 
-1003.8644331941465 
-870.2179900403 
-734.9114471883743 
-598.7115396938931 
-462.3801617825631 
-326.67076052025595 
-192.32337168307464 
-60.06170888720349 
69.41097954547018 
195.41558320894728 
317.30007815806465 
434.44323646452864 
546.2575102526267 
652.1917076235094 
751.7338978212088 
844.4135666752561 
929.8038411543752 
1007.5236172505469 
1077.2391046276562 
1138.6649551762164 
1191.5661557142175 
1235.7582145616564 
1271.1079562493915 
1297.534478991027 
1315.0086746309805 
1323.552940542491 
1323.2415566674588 
1314.1988765336962 
1296.5994293650353 
1270.6660973117246 
1236.6687477098646 
1194.922491891507 
1145.785903787532 
1089.6580707422845 
1026.9771421081705 
958.2175340156743 
883.8860903656583 
804.5201681028988 
720.6840314396862 
632.9651517679251 
541.9710491108372 
448.3261360883056 
352.6673574845924 
255.64001999320467 
157.89582025513155 
60.08717833637478 
-37.13580962220872 
-133.12893547744895 
-227.25821948506868 
-318.90268863933414 
-407.4586538193979 
-492.34331535611943 
-572.9969581692675 
-648.8870260812588 
-719.5111004223913 
-784.3994964901632 
-843.1176439313778 
-895.2691675392819 
-940.4969766070245 
-978.4866350983975 
-1008.9669864198172 
-1031.7121493279744 
-1046.5428343590572 
-1053.3270564110312 
-1051.981145384123 
-1042.470271567379 
-1024.8085891117744 
-999.0592798870308 
-965.3345079537696 
-923.7947789004235 
-874.6480844887701 
-818.148904274869 
-754.5978678293612 
-684.3388846124791 
-607.7584980353525 
-525.2833309965856 
-437.3785375433488 
-344.5449783603192 
-247.31675667920982 
-146.25846501133728 
-41.96215880196153 
64.95491175683928 
173.85582371495707 
284.0844886149862 
394.971939218652 
505.837293953311 
615.9944762339156 
724.7537055508973 
831.4260015524761 
935.3278829747709 
1035.7846248996477 
1132.1335385329614 
1223.728626929836 
1309.9449671686932 
1390.1808726635547 
1463.8620764452733 
1530.4453164353558 
1589.4222324675031 
1640.3209256335836 
1682.709726789004 
1716.2005126938063 
1740.4501533067985 
1755.1632025921128 
1760.0936920036784 
1755.0469511628883 
1739.8814471164908 
1714.5091065404856 
1678.8970750679623 
1633.068112011767 
1577.1005628707835 
1511.1290248296339 
1435.343640760008 
1349.9896273433906 
1255.3672584177996 
1151.829546134036 
1039.782159463922 
919.6808682868219 
792.0304313041362 
657.3820305481386 
516.3309616466803 
369.51428872735346 
217.60786117319984 
61.32306832441712 
-98.59593347052206 
-261.376433442819 
-426.22007346056427 
-592.3066881897089 
-758.79969571348 
-924.8472739278815 
-1089.5905999961824 
-1252.16448780406 
-1411.7031702273423 
-1567.3472708816287 
-1718.242886354926 
-1863.5516047413967 
-2002.4514116253158 
-2134.1420594587644 
-2257.8506810486338 
-2372.834625586981 
-2478.38559213995 
-2573.8354730632072 
-2658.5559847676413 
-2731.968059280041 
-2793.5406399639623 
-2842.795518981089 
-2879.3097240856323 
-2902.719425317007 
-2912.7198659017517 
-2909.070928199691 
-2891.594455324211 
-2860.179027812114 
-2814.7802935475966 
-2755.4196950469313 
-2682.1884658442923 
-2595.244216292215 
-2494.8130963783137 
-2381.187816393135 
-2254.727353880654 
-2115.856675859129 
-1965.0634545025698 
-1802.8972115589136 
-1629.9680234416578 
-1446.942918055066 
-1254.5439973064654 
-1053.5456081979985 
-844.7710316343054 
-629.0891477319759 
-407.4111640192191 
-180.68657428340418 
50.10070920193498 
283.9362353490911 
519.7801066544768 
756.5708896195719 
993.2298428207981 
1228.6671622889821 
1461.7860441424875 
1691.4865718347148 
1916.6734170856116 
2136.25877961784 
2349.167826407114 
2554.346042085971 
2750.7613239586453 
2937.4105684326605 
3113.3261572934043 
3277.578845650625 
3429.2830781719217 
3567.6014347205714 
3691.7508860838316 
3801.005422676173 
3894.698883425578 
3972.2327792974747 
4033.0755990533303 
4076.76810219227 
4102.925780948352 
4111.241578824306 
4101.486519143061 
4073.513284144335 
4027.2570485947745 
3962.7362845459443 
3880.0518748428317 
3779.3896529330054 
3661.019453577014 
3525.2920389711794 
3372.642884111818 
3203.585889447085 
3018.7140023467264 
2818.697244823166 
2604.2789193822496 
2376.2740477791035 
2135.5649252558683 
1883.0990301685467 
1619.884272155679 
1346.9852040286123 
1065.5186687410442 
776.649261807723 
481.5846151545384 
181.57022406046278 
-122.11578302481385 
-428.1678016834488 
-735.2589034115317 
-1042.0456356129848 
-1347.1754229036017 
-1649.2900785961726 
-1947.0351088374605 
-2239.0627387380373 
-2524.039532389151 
-2800.6528518623822 
-3067.616442151588 
-3323.6758582423754 
-3567.616435639212 
-3798.2670434153238 
-4014.506966883248 
-4215.270891741435 
-4399.553798069826 
-4566.418766451571 
-4714.998535168464 
-4844.501128715424 
-4954.214307254711 
-5043.508881753712 
-5111.843260988034 
-5158.763916811219 
-5183.912447075196 
-5187.022023469942 
-5167.923131027834 
-5126.543987976673 
-5062.910585174968 
-4977.147349660695 
-4869.476329990152 
-4740.218081234247 
-4589.788672778288 
-4418.701136516558 
-4227.559050823751 
-4017.057942809892 
-3787.9822092558393 
-3541.198890813869 
-3277.658720451829 
-2998.388279308102 
-2704.4884893977287 
-2397.1284357542518 
-2077.542760980713 
-1747.0243359755057 
-1406.9202155031776 
-1058.6264866626436 
-703.5818167659994 
-343.2622504918475 
20.825205247989544 
387.14856593515606 
754.1572546655786 
1120.2884393724196 
1483.9734615445877 
1843.6452658175328 
2197.7430170212197 
2544.721953012525 
2883.057074967019 
3211.250996882359 
3527.841012526594 
3831.406020447282 
4120.5706451851465 
4394.0141883764745 
4650.475975188135 
4888.76156602472 
5107.745648496902 
5306.382593312205 
5483.708787471847 
5638.846402679637 
5771.009392035642 
5879.507899567357 
5963.751050661379 
6023.250452825661 
6057.623334054993 
6066.5932768683415 
6049.9945237380425 
6007.770746730032 
5939.978201795314 
5846.782828156931 
5728.462495792768 
5585.40582934904 
5418.109805956913 
5227.1787148939675 
5013.321241076848 
4777.348594224666 
4520.169388758588 
4242.788431642295 
3946.3002203339934 
3631.8870001571668 
3300.8108070461662 
2954.410175020249 
2594.0949057133826 
2221.3391553632478 
1837.6752680587863 
1444.6887182732212 
1044.0099497460378 
637.3088794431719 
226.28716706112513 
-187.32858167776524 
-601.7940463015674 
-1015.3545306874411 
-1426.2525958747779 
-1832.7348821559838 
-2233.0607729236503 
-2625.508234178943 
-3008.382542566874 
-3380.0241754152876 
-3738.8135067564185 
-4083.181832107517 
-4411.614932409491 
-4722.661794647155 
-5014.940546117262 
-5287.146668078568 
-5538.054547865459 
-5766.529539527208 
-5971.527154161035 
-6152.103079581274 
-6307.414357999024 
-6436.725276576281 
-6539.409632316508 
-6614.95539842803 
-6662.965728276829 
-6683.163507892069 
-6675.388096320217 
-6639.601549297714 
-6575.886428576713 
-6484.444130962406 
-6365.598530372866 
-6219.7875777684485 
-6047.5703510641315 
-5849.615559662378 
-5626.705393102808 
-5379.729213100988 
-5109.680715086633 
-4817.650239492266 
-4504.826213963333 
-4172.484014669368 
-3821.9842753144258 
-3454.766350171563 
-3072.3405084669866 
-2676.2842122587804 
-2268.2332687226353 
-1849.8763402976883 
-1422.9481987265451 
-989.2212776571844 
-550.499985486495 
-108.61179011327687 
334.5988646880636 
777.279058258539 
1217.5743904868998 
1653.637033979326 
2083.6332758596145 
2505.750299090454 
2918.204974690182 
3319.25109105183 
3707.1850158177062 
4080.355950673497 
4437.170961500098 
4776.101225896568 
5095.691415864285 
5394.563293857114 
5671.4247334403235 
5925.072431852182 
6154.399381015364 
6358.400342961443 
6536.174855150408 
6686.93381178264 
6809.999507005199 
6904.815080848728 
6970.9395623181645 
7008.055979278376 
7015.972219354509 
6994.618828430769 
6944.053315458133 
6864.457663932443 
6756.137789268968 
6619.525087642374 
6455.170708218016 
6263.7453631509725 
6046.03593618003 
5802.942842952739 
5535.474023544843 
5244.742526297407 
4931.960853627919 
4598.435047440318 
4245.560536860879 
3874.814143221449 
3487.7493843645493 
3085.988511051623 
2671.216189266115 
2245.1729450522007 
1809.6458442220503 
1366.4630658201993 
917.4852515527906 
464.5970755816951 
9.700722767403553 
-445.29318226922766 
-898.4730461527643 
-1347.9345836703176 
-1791.7884262588243 
-2228.1686236503037 
-2655.2398715190657 
-3071.2060683032437 
-3474.316556218789 
-3862.8757036360103 
-4235.248207228986 
-4589.867034504128 
-4925.240322779644 
-5239.957710313738 
-5532.696242084927 
-5802.227180360167 
-6047.4203698519195 
-6267.24950691724 
-6460.796816826906 
-6627.258392939918 
-6765.944984052339 
-6876.289009442247 
-6957.842267560588 
-7010.281755119464 
-7033.410206382004 
-7027.156388643161 
-6991.573288473856 
-6926.842177949488 
-6833.267506410109 
-6711.2779200532 
-6561.4224171722 
-6384.367915970984 
-6180.89788787654 
-5951.905055204563 
-5698.391064052591 
-5421.457744106472 
-5122.306614422303 
-4802.228157535536 
-4462.5999660556445 
-4104.879498807591 
-3730.5969079134934 
-3341.3478304169575 
-2938.788806341166 
-2524.6273638269276 
-2100.6162084450175 
-1668.5459209317034 
-1230.236673770485 
-787.5314755672323 
-342.28769708853275 
103.63024262321038 
548.3582500768816 
990.0405766861854 
1426.837154939408 
1856.9311861070958 
2278.5366906983813 
2689.905584798132 
3089.334687015172 
3475.1736260866787 
3845.830000380911 
4199.778450310446 
4535.563852676777 
4851.810448986244 
5147.2259173941975 
5420.606452706588 
5670.844651009427 
5896.930873816187 
6097.959193315925 
6273.131358340337 
6421.761268213746 
6543.275194631515 
6637.217740742557 
6703.249456366784 
6741.15330000095 
6750.832409567655 
6732.310125293666 
6685.731971220522 
6611.362633312839 
6509.58598122259 
6380.902665123656 
6225.927450943566 
6045.3867341140085 
5840.113719766661 
5611.047836404542 
5359.224715586817 
5085.7766694995025 
4791.924410177599 
4478.9720078741675 
4148.300808589578 
3801.3641788286604 
3439.679357273239 
3064.8217329610584 
2678.416400834051 
2282.133609653156 
1877.6787870487128 
1466.786653766871 
1051.2127385729923 
632.7269921353587 
213.1054621279718 